"CO_ANO";"CO_MES";"VL_EXP";"VL_IMP"
1997;1;100552416;166139035
1997;2;103873938;223533133
1997;3;116820167;264679800
1997;4;129869720;308873009
1997;5;134800835;309791692
1997;6;130241941;321323780
1997;7;149586415;380467084
1997;8;150294815;330996442
1997;9;153023844;316661702
1997;10;163084080;369092534
1997;11;139496595;271699874
1997;12;155640768;304778391
1998;1;118741472;308111793
1998;2;124786220;242641892
1998;3;146205401;313207453
1998;4;142699787;268238436
1998;5;127497698;281084920
1998;6;131090589;304883992
1998;7;135836926;322951674
1998;8;122012524;230206581
1998;9;137697740;330213974
1998;10;122588510;315192423
1998;11;117403650;271113885
1998;12;148465971;270633193
1999;1;92591786;256225123
1999;2;110871794;243659782
1999;3;138688830;286104779
1999;4;110591368;258464951
1999;5;141636452;293116403
1999;6;142923174;317143760
1999;7;143914127;314257694
1999;8;155869658;326995717
1999;9;154710804;317678937
1999;10;204841699;343090007
1999;11;162043454;316424606
1999;12;197276779;277433047
2000;1;146528786;282953021
2000;2;179001917;320890812
2000;3;198633863;301469866
2000;4;162525050;311833957
2000;5;188105882;352700493
2000;6;189905278;370902403
2000;7;226816968;369031070
2000;8;244443766;420916663
2000;9;221269335;395760019
2000;10;232196557;386167420
2000;11;233355179;342152016
2000;12;245813268;321010360
2001;1;164117968;342468651
2001;2;173280967;247368968
2001;3;234332120;354769906
2001;4;183642095;326672717
2001;5;216560836;350921613
2001;6;216096512;308307357
2001;7;244838516;346568221
2001;8;250478762;330354497
2001;9;198084378;284354297
2001;10;210154675;317759895
2001;11;215567025;287950022
2001;12;199545085;214394706
2002;1;112819069;259759390
2002;2;158910961;233725416
2002;3;183393796;235002314
2002;4;182572691;280644372
2002;5;182879671;238677733
2002;6;187474753;269422414
2002;7;207497171;378981403
2002;8;219321983;319997062
2002;9;199362573;311971816
2002;10;224538974;335050072
2002;11;203666658;282803008
2002;12;193468429;264110497
2003;1;148048061;263347345
2003;2;183699428;249743822
2003;3;189873084;259423200
2003;4;198564670;272954892
2003;5;186503491;272405595
2003;6;201687516;250490376
2003;7;241532232;299998727
2003;8;215284102;282121148
2003;9;249884131;304985025
2003;10;222575354;310250052
2003;11;191081804;317673239
2003;12;217466865;313173526
2004;1;184337639;312442045
2004;2;189290424;300258434
2004;3;237917728;433205065
2004;4;210659290;384999593
2004;5;241363434;427579961
2004;6;263465515;471077135
2004;7;275567832;421556525
2004;8;278281499;432628127
2004;9;272992964;427971120
2004;10;292458656;442295950
2004;11;283337294;506286898
2004;12;311429844;439152305
2005;1;284455391;446497572
2005;2;285342907;399009257
2005;3;361278562;468694172
2005;4;353634424;470189120
2005;5;368758270;451732677
2005;6;425197489;532828484
2005;7;395446185;531116354
2005;8;402594928;610050864
2005;9;438675899;534347393
2005;10;409665766;546561635
2005;11;381149672;560358612
2005;12;379543003;573950993
2006;1;317541589;476100880
2006;2;337412544;432291980
2006;3;441821641;606568470
2006;4;474500175;609487275
2006;5;469194378;585710314
2006;6;435709955;490671261
2006;7;430480082;598212881
2006;8;465060873;700681081
2006;9;486621259;612660574
2006;10;505391375;753207238
2006;11;459960406;669833298
2006;12;438755794;508274639
2007;1;401482820;564134576
2007;2;387883296;515895246
2007;3;481891393;633442336
2007;4;435770853;639554861
2007;5;501823188;649145844
2007;6;452780891;629028889
2007;7;491253441;774092952
2007;8;512026036;871708649
2007;9;526365764;838134952
2007;10;523735353;922236495
2007;11;498716497;846968440
2007;12;525299732;692345953
2008;1;461644208;839410128
2008;2;465487047;782588844
2008;3;473528244;794138579
2008;4;555550204;868254281
2008;5;533546574;839275565
2008;6;560911749;951327246
2008;7;562622866;1064235877
2008;8;563263958;1102134329
2008;9;591788451;1220004502
2008;10;587627742;1169447492
2008;11;432357409;971901785
2008;12;440110023;682980405
2009;1;247970881;827869998
2009;2;331884386;554272144
2009;3;375645711;662040982
2009;4;312779347;585143149
2009;5;320593459;619636772
2009;6;368045129;690315426
2009;7;372113771;805730437
2009;8;361933643;838362208
2009;9;413447131;956283295
2009;10;432967702;966235795
2009;11;393774440;862003497
2009;12;403293847;834789518
2010;1;293746532;753296156
2010;2;363085775;749991765
2010;3;424380926;937596281
2010;4;398260978;909975268
2010;5;440276137;898153472
2010;6;473815495;965162348
2010;7;492036457;1054314588
2010;8;475642980;1078832004
2010;9;479672931;1105398447
2010;10;511992621;1094191121
2010;11;490243462;1151820826
2010;12;494274268;972043054
2011;1;351794790;992829781
2011;2;463861910;883063157
2011;3;478324164;1045382722
2011;4;518894456;1057609767
2011;5;511312986;1165701737
2011;6;509448201;1092835160
2011;7;497469093;1182792533
2011;8;542448024;1372931437
2011;9;497979123;1222700214
2011;10;477330432;1197982284
2011;11;476363062;1134485777
2011;12;431093352;1003047697
2012;1;374622326;958752031
2012;2;364520067;956190028
2012;3;494530469;1121381219
2012;4;409159101;1018517014
2012;5;492011002;1147252028
2012;6;428426793;1166890856
2012;7;463328677;1239223539
2012;8;542840925;1364818706
2012;9;458274906;1210810228
2012;10;505006261;1388014725
2012;11;462144168;1125095596
2012;12;378419613;953025815
2013;1;383811386;1170039536
2013;2;355013594;982948863
2013;3;375441572;1195343948
2013;4;464873997;1261176427
2013;5;420589428;1189756661
2013;6;400404505;1295184787
2013;7;419718881;1446350720
2013;8;438391005;1339932618
2013;9;400825897;1419662916
2013;10;429835232;1470504303
2013;11;406869405;1225267739
2013;12;383611862;988522596
2014;1;309230750;1247470616
2014;2;351788475;1028004963
2014;3;337395251;1128048771
2014;4;345426340;1193103937
2014;5;431159075;1268115556
2014;6;353956287;1256593712
2014;7;421688956;1318994016
2014;8;375294848;1451997397
2014;9;376300654;1226184097
2014;10;391805638;1362569160
2014;11;323903851;1126306626
2014;12;352970772;938835983
2015;1;242274548;1001964385
2015;2;276882509;976743377
2015;3;350808097;1080962538
2015;4;314534666;1091316583
2015;5;302178894;969475147
2015;6;355984868;1038302077
2015;7;358196489;1208398011
2015;8;340075175;1034994539
2015;9;333853268;916248954
2015;10;332218786;1091197716
2015;11;300477031;945321920
2015;12;327135914;720712067
2016;1;222941485;841436409
2016;2;262568347;700984000
2016;3;310303290;797632556
2016;4;277285794;741416121
2016;5;319302657;848987785
2016;6;310530411;866990456
2016;7;300956121;949597253
2016;8;349169431;1093150453
2016;9;351463551;902700372
2016;10;344562689;982138024
2016;11;346739667;853353601
2016;12;378811679;753117980
2017;1;313350293;857793630
2017;2;306191159;664667448
2017;3;381631278;915002757
2017;4;354785457;784771779
2017;5;382965195;1016008321
2017;6;375062777;1013743396
2017;7;348868058;1114415829
2017;8;427317234;1160477778
2017;9;406360594;1253777685
2017;10;439786088;1118084314
2017;11;391708051;1045328618
2017;12;375150492;871888975
2018;1;365668687;1042061848
2018;2;385016209;883445735
2018;3;420310137;946923364
2018;4;400573940;1000366881
2018;5;294777735;1038904827
2018;6;369177390;1080790249
2018;7;343742204;1194266468
2018;8;453214668;1310270789
2018;9;454114385;1158790690
2018;10;427906458;1217494748
2018;11;379176193;1131217435
2018;12;446259153;892178080
2019;1;305419772;1157494240
2019;2;331839094;914367548
2019;3;365530615;1011260036
2019;4;390180330;1127802760
2019;5;364193273;1252449341
2019;6;349583751;1079327877
2019;7;403142118;1324684487
2019;8;443508072;1208518993
2019;9;410743395;1242691268
2019;10;377953231;1373820120
2019;11;366935982;1095266362
2019;12;363044060;906359894
2020;1;268462148;1113130341
2020;2;290902985;885057266
2020;3;311599475;1037291578
2020;4;239274823;889654930
2020;5;224170520;870225884
2020;6;239074225;995918351
2020;7;300955001;1041239016
2020;8;300980092;1057310822
2020;9;298962527;1137330337
2020;10;317083655;1121537288
2020;11;339882653;1143492295
2020;12;339443259;1010354372
2021;1;270241259;1054656196
2021;2;298480288;1007401833
2021;3;367904407;1279049117
2021;4;376370004;1035186811
2021;5;453051745;1257714767
2021;6;384099060;1254210938
2021;7;408677396;1394070532
2021;8;447768787;1440671272
2021;9;459524529;1412218704
2021;10;406323894;1341164233
2021;11;405498934;1357099866
2021;12;432405928;1210559066
2022;1;317710576;1207013942
2022;2;384128394;1280885230
2022;3;463805329;1429137710
2022;4;498194723;1287838363
2022;5;525315714;1592530305
2022;6;555121693;1637667900
2022;7;477194747;1790427918
2022;8;542498626;1850662354
2022;9;485223711;1743558931
2022;10;473042182;1747281365
2022;11;447534407;1465057142
2022;12;413788144;1300159029
2023;1;431650479;1293102102
2023;2;376466746;989974403
2023;3;509545353;1332909886
